1 0.552660 0.582408 0.114321 0.065537
1 0.310812 0.597344 0.132785 0.071426
1 0.740797 0.529477 0.125263 0.083652
1 0.402034 0.425354 0.131837 0.061393
1 0.501022 0.490885 0.126503 0.049874
1 0.225365 0.509685 0.099879 0.045476
1 0.221967 0.405151 0.125079 0.056406
1 0.070986 0.615610 0.110786 0.063511
1 0.209782 0.651917 0.099301 0.039937
1 0.802213 0.659443 0.126914 0.075634
1 0.923963 0.626656 0.106775 0.071442
1 0.591935 0.395021 0.125091 0.045412
1 0.528898 0.334077 0.119625 0.054161
1 0.201852 0.344749 0.126569 0.033365
1 0.098712 0.474616 0.107377 0.061449
1 0.639109 0.657452 0.143054 0.062911
1 0.723271 0.430160 0.122134 0.059045
1 0.817760 0.367358 0.144133 0.069403
1 0.126045 0.268599 0.118010 0.049139
1 0.061149 0.337478 0.117813 0.049536
